기간	대분류	분류	도보	자전거	자전거+기타교통수단	오토바이	버스	지하철(철도)	버스+지하철	택시	승용차	승용차+버스	승용차+지하철	기타
2019	서울시	서울시	16.2	2.3	0.1	0.5	27.1	8.9	23.1	0.1	20.5	0.6	0.5	0.1
2019	성별	남자	12.1	2.7	0.1	0.8	22.2	9	23.1	0.1	28.4	0.7	0.7	0.2
2019	성별	여자	21.8	1.7	0.1	0.1	33.9	8.9	23.1	0.1	9.8	0.4	0.1	0
2019	연령별	10대	40.2	8.9	0.2	0	34.8	3	11.6	0	1.1	-	0.1	0
2019	연령별	20대	9.2	2.3	0.1	0.4	29.4	10.9	40.1	0.2	7	0.3	0.1	0.1
2019	연령별	30대	6.3	0.9	0	0.4	28.1	12	28.5	0.2	22	0.8	0.6	0.2
2019	연령별	40대	11.6	1.3	0.1	0.4	25.9	9	19.4	0.2	30.8	0.7	0.7	0
2019	연령별	50대	18.5	1.8	0.1	0.6	23.9	6.9	15.3	0.1	31.3	0.6	0.8	0.1
2019	연령별	60대 이상	32.6	2.7	0.1	1.2	24.1	7.1	10.3	0.1	20.6	0.6	0.4	0.1
2019	학력별	중졸 이하	46.2	3.8	0.1	1.5	25.3	5.2	8.3	-	9.3	0.1	-	0.2
2019	학력별	고졸 이하	28.2	3.8	0	0.9	30.8	5.5	12.9	0.2	16.9	0.4	0.3	0
2019	학력별	대졸 이하	8.1	1.5	0.1	0.2	26.1	10.7	29.2	0.1	22.5	0.7	0.6	0.1
2019	학력별	대학원 이상	14.3	0.7	0.1	0.2	14.7	10.7	18.8	0.1	39.7	0.3	0.3	0.1
2019	소득별	100 만원 미만	34.6	8.9	0.4	1	31.1	7.2	15.2	-	1.6	-	-	-
2019	소득별	100-200만 미만	42.8	1.4	0.4	1.2	30.2	7.6	10.5	0.7	5.3	0	-	-
2019	소득별	200-300만 미만	19	2.1	0.1	1.5	32.4	8.6	22.4	0.1	13.4	0.2	0.2	0.1
2019	소득별	300-400만 미만	15.5	2.2	0.1	0.4	26.5	9.6	21.5	0.1	22.9	0.6	0.5	0
2019	소득별	400-500만 미만	14.7	2.1	0.1	0.4	26.4	8.5	23.3	0.1	23.2	0.5	0.7	0
2019	소득별	500만 이상	13.3	2.2	0.1	0.3	25.9	9.1	25	0.1	22.5	0.7	0.5	0.2
2019	혼인상태별	기혼	14.5	1.6	0.1	0.6	25.2	8.9	18.3	0.1	29.2	0.8	0.7	0.1
2019	혼인상태별	미혼	14.8	3.3	0.1	0.5	29.5	9.6	32.2	0.1	9.4	0.2	0.2	0.1
2019	혼인상태별	이혼/사별/기타	31.8	1.9	0	0.5	28.2	6	12.8	0.2	17.4	0.9	0.3	-
2019	지역대분류	도심권	20.9	1.9	0.1	0.8	32.4	8.6	18.5	0.1	15.7	1	0.2	-
2019	지역대분류	동북권	17.3	2.3	0.1	0.5	26.2	9.4	23	0.2	20.1	0.4	0.4	0.1
2019	지역대분류	서북권	14.4	3.5	0.1	0.6	31.2	8.7	24.8	0.1	16.1	0.2	0.3	0
2019	지역대분류	서남권	15.9	1.9	0	0.6	26.9	6.9	26.6	0.1	19.5	0.9	0.5	0.2
2019	지역대분류	동남권	14.6	2.1	0.2	0.2	25.2	11.5	18.1	0.1	26.8	0.5	0.8	0
2019	종로구	종로구	23.9	3.1	-	0.6	36.4	6.1	14.5	-	12.6	2.7	-	-
2019	중구	중구	12.5	0.3	-	0.7	35.9	6.4	29.1	0.2	14.6	-	0.3	-
2019	용산구	용산구	23.1	1.9	0.2	1.1	27.4	11.6	15.7	-	18.6	0.2	0.2	-
2019	성동구	성동구	18.8	1.5	0.3	1.2	15.9	10.8	26.4	0.4	23.4	0.4	0.8	0.1
2019	광진구	광진구	13.1	3.9	-	0.7	29.9	15.1	20.3	0.3	16.3	0.3	0.1	-
2019	동대문구	동대문구	17.6	3	0.1	0.1	29.2	6.4	20	-	23.2	-	0.4	-
2019	중랑구	중랑구	18.1	1.8	-	0.2	27.9	10.1	22.9	-	18.5	-	0.2	0.4
2019	성북구	성북구	22	1.6	-	1.3	28.3	6	24	-	15.8	0.6	0.3	-
2019	강북구	강북구	14	0.5	-	0.2	28	5.7	22.4	-	28.9	0	0.2	-
2019	도봉구	도봉구	18	2.6	-	0.2	24.1	10.4	24.2	1.4	17.1	1.4	0.5	0.2
2019	노원구	노원구	16.3	3.2	0.3	0.2	24.7	10.7	23.6	-	20.1	0.1	0.7	0.1
2019	은평구	은평구	8.6	2.3	-	0.4	37.4	9.2	24.2	0.2	17	0.4	0.2	-
2019	서대문구	서대문구	20.6	4.9	-	0.8	24.1	9.3	22.1	-	18.1	0.1	0.1	-
2019	마포구	마포구	16.4	3.7	0.4	0.8	29.6	7.7	27.7	0.2	13.1	-	0.4	0.1
2019	양천구	양천구	13.6	0.5	-	0.3	28	1.7	31.5	0.2	22.9	-	0.3	1
2019	강서구	강서구	13.1	2.4	-	0.3	24.7	5.8	32.7	-	16.5	2.8	1.7	-
2019	구로구	구로구	15	2	0.1	0.5	18.3	6.4	27.8	-	28.6	0.2	0.6	0.3
2019	금천구	금천구	22.1	1.7	0.2	0.6	27.4	9.1	15.1	-	23.3	0.4	0.1	-
2019	영등포구	영등포구	19.4	3.5	-	0.1	19.7	7.4	21.2	0.1	26.4	2	0.2	0.2
2019	동작구	동작구	13.8	1.6	-	1.6	39	6.1	25	0.2	12.4	0.1	0.2	-
2019	관악구	관악구	17.8	1.5	-	0.9	30	11.9	25	0.1	12.8	-	0.1	0
2019	서초구	서초구	13.6	2.9	-	0	23.7	12.6	24.2	0	22.1	0.1	0.7	-
2019	강남구	강남구	12.9	1.9	-	-	27.4	10.6	12.5	0	33.5	0.2	1	0
2019	송파구	송파구	15	2.2	0.4	0.4	25	12.5	17.7	0.2	25	0.8	0.8	0
2019	강동구	강동구	17.3	1.2	0.1	0.4	24.2	9.8	19.7	0.2	26	0.7	0.5	-